0,449,846,648,859
1,449,844,645,857
2,449,845,646,857
3,448,845,646,857
4,448,845,648,857
5,448,844,646,857
6,448,845,650,858
7,448,845,648,857
8,448,846,647,857
9,448,845,647,857
10,448,845,649,857
11,448,846,649,858
12,448,845,646,856
13,448,845,646,858
14,448,846,648,858
15,448,844,649,857
16,448,846,648,857
17,449,845,650,858
18,448,845,646,858
19,449,844,647,857
20,449,846,647,857
21,449,846,648,858
22,446,846,647,859
23,449,845,647,857
24,449,845,644,857
25,449,845,644,857
26,448,846,647,858
27,448,846,646,858
28,448,846,647,857
29,448,845,649,857
30,449,845,647,858
31,449,845,648,858
32,448,844,647,858
33,447,846,646,858
34,448,846,648,858
35,449,846,649,858
36,448,845,646,857
37,449,846,648,857
38,447,845,644,858
39,449,846,648,857
40,447,846,648,858
41,447,847,647,858
42,448,846,648,858
43,449,845,646,858
44,447,846,646,858
45,448,845,647,858
46,449,846,648,858
47,448,845,649,858
48,448,846,645,858
49,448,845,645,857
50,448,846,645,858
51,448,846,646,858
52,447,846,647,858
53,448,846,646,857
54,448,846,645,858
55,449,844,645,857
56,448,845,648,858
57,448,847,649,858
58,447,844,646,857
59,448,846,649,857
60,448,846,648,858
61,448,846,646,858
62,448,845,646,857
63,447,846,648,858
64,448,845,646,858
65,448,845,649,857
66,448,846,648,858
67,448,846,647,858
68,448,846,645,857
69,448,845,648,857
70,449,845,646,857
71,447,845,647,857
72,447,844,645,857
73,448,846,646,859
74,449,845,649,858
75,447,846,645,858
76,448,845,647,857
77,449,844,645,857
78,448,845,645,857
79,449,845,648,857
80,448,845,649,858
81,448,845,647,857
82,449,845,647,857
83,448,846,647,858
84,448,846,648,858
85,449,844,647,857
86,448,845,644,857
87,449,845,647,857
88,448,845,646,858
89,448,845,644,858
90,448,845,644,857
91,448,846,645,857
92,449,845,648,858
93,449,843,643,854
94,448,845,644,857
95,447,845,644,857
96,448,845,647,857
97,448,845,647,857
98,448,845,644,857
99,450,846,647,858
100,449,846,647,858
101,447,844,645,857
102,448,846,646,857
103,449,845,646,858
104,449,845,646,858
105,449,847,648,858
106,449,844,646,857
107,449,846,648,857
108,449,845,644,857
109,448,845,648,858
110,448,846,647,858
111,449,845,647,857
112,447,846,647,858
113,448,845,645,857
114,449,845,645,856
115,448,845,647,857
116,449,844,645,857
117,450,845,648,858
118,448,846,647,858
119,448,846,648,858
120,449,845,647,857
