0,455,824,644,815
1,457,824,644,814
2,456,825,643,816
3,458,820,642,806
4,456,823,640,813
5,457,825,642,814
6,461,825,642,814
7,457,825,643,815
8,457,824,641,816
9,454,824,641,813
10,458,825,639,815
11,457,825,637,816
12,457,825,644,814
13,457,825,641,816
14,460,825,640,817
15,459,825,642,815
16,459,826,642,821
17,459,826,642,815
18,456,824,641,818
19,459,825,641,815
20,460,826,642,820
21,459,824,644,820
22,459,825,645,816
23,459,824,640,818
24,460,825,645,819
25,461,824,641,818
26,460,824,641,818
27,461,826,644,816
28,459,825,640,817
29,459,825,646,816
30,458,825,646,816
31,460,825,644,819
32,460,826,643,818
33,460,824,641,818
34,456,824,640,818
35,461,826,642,815
36,458,824,642,819
37,456,825,641,816
38,457,824,643,814
39,458,826,645,814
40,458,826,641,822
41,460,824,640,818
42,455,825,640,817
43,459,824,635,815
44,458,824,641,818
45,460,825,644,817
46,459,825,644,818
47,459,824,645,815
48,458,824,643,813
49,458,826,647,814
50,459,825,644,815
51,459,824,642,819
52,461,825,643,820
53,460,824,639,817
54,457,823,641,816
55,457,825,643,819
56,459,823,636,814
57,460,823,642,816
58,458,824,641,819
59,459,823,642,818
60,458,824,642,818
61,459,823,637,817
62,462,824,641,818
63,459,824,640,817
64,458,824,641,818
65,459,825,641,818
66,460,824,639,816
67,458,824,642,817
68,455,823,639,814
69,457,825,637,818
70,457,823,637,816
71,461,824,637,811
72,458,824,635,814
73,457,823,639,817
74,459,823,634,814
75,458,825,642,817
76,459,823,637,816
77,457,823,640,817
78,459,824,633,813
79,456,823,635,814
80,457,824,640,818
81,458,823,644,816
82,458,824,643,818
83,458,824,645,817
84,457,824,642,817
85,458,822,639,815
86,459,824,642,818
87,458,824,639,816
88,458,823,636,814
89,457,822,636,817
90,457,822,633,814
91,458,824,638,814
92,457,822,638,813
93,459,823,636,815
94,458,824,638,815
95,457,821,638,816
96,458,824,643,817
97,457,821,636,816
98,458,821,641,814
99,458,823,641,817
100,458,821,635,813
101,459,821,641,816
102,458,822,644,817
103,458,822,639,816
104,460,821,640,816
105,458,821,640,816
106,458,822,640,817
107,459,821,635,814
108,459,820,636,814
109,457,822,635,815
110,457,822,638,816
111,455,822,636,813
112,457,822,635,815
113,455,823,635,814
114,457,822,637,813
115,457,822,635,813
116,457,822,632,812
117,456,822,634,814
118,456,823,631,813
119,459,822,637,815
120,459,823,635,811
121,456,824,638,813
122,459,823,643,815
123,456,823,634,814
124,456,823,641,814
125,455,822,635,816
126,455,822,638,817
127,458,824,643,818
128,459,823,640,817
129,455,821,634,814
130,457,823,632,813
131,458,823,637,815
132,456,824,639,819
133,457,822,639,816
134,459,823,634,817
135,457,824,641,815
136,456,824,635,816
137,458,825,642,817
138,458,825,640,815
139,459,826,635,814
140,459,827,638,815
141,455,828,637,811
142,459,826,635,815
143,456,829,636,820
144,459,827,638,816
145,462,821,636,809
146,456,827,633,820
147,454,829,640,817
148,460,825,636,811
149,455,829,639,822
150,455,828,635,817
